NAME	= flow_dir
DESCRIPTION	= 
UNIT	= 
DATAFORMAT	= FLOAT
DATAFILE_OFFSET	= 0
BYTEORDER_BIG	= FALSE
TOPTOBOTTOM	= FALSE
POSITION_XMIN	= 61443.3089043400032097
POSITION_YMIN	= 97205.6617894004011760
CELLCOUNT_X	= 3127
CELLCOUNT_Y	= 2433
CELLSIZE	= 5.0044251912000002
Z_FACTOR	= 1.000000
Z_OFFSET	= 0.000000
NODATA_VALUE	= -99999.000000;-99999.000000
