NAME	= stralerorder saga
DESCRIPTION	= 
UNIT	= 
DATAFORMAT	= SHORTINT
DATAFILE_OFFSET	= 0
BYTEORDER_BIG	= FALSE
TOPTOBOTTOM	= FALSE
POSITION_XMIN	= 61589.0676253240017104
POSITION_YMIN	= 97359.4411871710035484
CELLCOUNT_X	= 3120
CELLCOUNT_Y	= 2422
CELLSIZE	= 5.0000000000000000
Z_FACTOR	= 1.000000
Z_OFFSET	= 0.000000
NODATA_VALUE	= 0.000000;0.000000
